17 0.275463 0.421094 0.019444 0.042188
17 0.301389 0.359115 0.017593 0.021354
17 0.273148 0.464062 0.014815 0.023958
17 0.273148 0.543229 0.016667 0.021875
17 0.285648 0.508333 0.013889 0.029167
17 0.257407 0.638542 0.012963 0.019792
17 0.259722 0.615104 0.012037 0.017708
17 0.271296 0.592448 0.014815 0.022396
15 0.231019 0.580990 0.036111 0.008854
15 0.231944 0.623958 0.039815 0.008333
15 0.240278 0.711198 0.050926 0.006771
15 0.237963 0.740365 0.040741 0.007812
15 0.236574 0.678125 0.047222 0.009375
17 0.275463 0.636458 0.013889 0.016667
17 0.269907 0.655729 0.010185 0.017708
17 0.285185 0.618229 0.012963 0.017708
17 0.279167 0.694531 0.012037 0.016146
15 0.319907 0.666146 0.036111 0.007292
15 0.273611 0.672917 0.021296 0.011458
17 0.288889 0.751563 0.022222 0.026042
17 0.268519 0.802344 0.014815 0.026562
17 0.274537 0.778385 0.013889 0.022396
17 0.280556 0.810417 0.009259 0.023958
17 0.287963 0.790885 0.012963 0.022396
15 0.235185 0.816667 0.037037 0.007292
15 0.273148 0.877083 0.011111 0.023958
15 0.281944 0.858594 0.012037 0.018229
15 0.283333 0.841667 0.012963 0.015625
15 0.283796 0.830729 0.013889 0.014583
16 0.286111 0.904427 0.022222 0.020313
16 0.310648 0.886198 0.030556 0.013021
16 0.331944 0.870052 0.026852 0.018229
16 0.351389 0.854167 0.025000 0.015625
16 0.371759 0.841406 0.015741 0.011979
16 0.386574 0.830990 0.023148 0.014063
16 0.342593 0.710677 0.031481 0.017188
16 0.372685 0.694531 0.021296 0.017188
16 0.344444 0.726302 0.033333 0.011979
16 0.382870 0.750781 0.023148 0.019271
16 0.408796 0.775260 0.028704 0.020313
16 0.371296 0.734375 0.018519 0.013542
16 0.465278 0.723177 0.037963 0.017188
16 0.408333 0.690885 0.025926 0.011979
16 0.376389 0.676562 0.026852 0.015625
16 0.350463 0.666146 0.023148 0.013542
16 0.493519 0.741406 0.018519 0.013021
16 0.512963 0.788281 0.014815 0.010937
16 0.531481 0.803906 0.024074 0.011979
16 0.496759 0.773698 0.012037 0.010937
16 0.530556 0.756510 0.025926 0.010937
16 0.558333 0.769271 0.020370 0.010417
16 0.582870 0.780208 0.021296 0.008333
